7650491657414085910
7650472969264844054
7650483052963040534
7650479358867492118
7650466482173791510
7650467196187036950
7650465917700279574
7650429101584469270
7650157296907062550
7649808436883967254
7647939769464278275
7647574808162487574
7647091030986165526
7645351638957313302
7644863912545881366
7644580086208859414
7644218706028956950
7643867792634154262
7643525601353075990
7642386611526716694
7641917387201187094
7641554459755089154
7641301413062102294
7641128554654256387
7640116261598350614
7640094039668296982
7639773005035375894
7639676954576276758
7639651293883206935
7639345448112672022
7638883805494889750
7638541093646191894
7637168703532027158
7637061986777402646
7636091017875197207
7635716747869424918
7634984535372942614
7634579404131241239
7634568172330421526
7634274846117104918
7633862545228434710
7633495707416235286
7632321370080152854
7632002231339928854
7631307430890048790
7631220659770690818
7630900114982210838
